0 0 p1 11 13 12 13 9 14 10 13 14
0 1 p4 13 12 9 13 9 13 12 14 13 14 13
1 2 p1 9 12 11 14 13 12 14 14 13 13 10
1 3 p1 14 13 14 13 12 13 9 13 12 12 13 13 9
2 4 p3 11 14 12 13 12 12 12 12 9 13 10 12 14
2 5 p2 10 14 10 13 9 12 12 12 13 12 14 13 9
3 6 p3 10 14 11 12 11 12 13 14 11
3 7 p1 12 13 11 14 10 12 14 12 11 13 13 14 11
4 8 p1 14 14 12 14 14 14 14 12 13 13 9 13 10
4 9 p4 12 12 10 12 12 14 9 14 9 12 12
5 10 p5 9 14 9 12 9 14 14 14 9 14 12
6 11 p4 14 12 9 14 11 14 13 12 13
6 12 p2 10 13 13 14 11 13 10 14 11 13 10
7 13 p2 12 12 11 13 13 13 10 14 10
8 14 p4 13 14 11 13 10 13 9 12 14 12 10
8 15 p1 9 13 10 12 10 14 14 12 13
8 16 p3 14 13 13 12 11 13 10 12 10 14 9
9 17 p5 10 13 10 14 13 14 9 14 11
9 18 p2 13 13 14 14 13 14 12 12 14 14 12
10 19 p3 10 13 12 13 14 12 9 12 14
10 20 p4 9 13 13 12 10 14 14 13 10 14 13
10 21 p5 10 14 11 12 11 12 9 14 14 14 11 12 11
11 22 p1 13 14 9 13 11 14 14 13 10 14 10 12 11
11 23 p3 9 14 9 14 13 12 10 13 10 14 10
12 24 p4 14 14 12 14 13 14 14 12 11 14 10 14 12
12 25 p4 14 14 9 14 10 13 11 13 10
12 26 p3 12 13 10 13 9 13 11 13 11
13 27 p3 13 12 9 14 10 13 9 14 9 12 9
13 28 p1 13 12 13 13 11 13 11 14 13
14 29 p4 9 14 13 14 14 12 14 12 13 13 13 13 10
15 30 p3 10 13 14 13 10 12 10 14 9
15 31 p2 14 14 11 12 10 13 14 12 12 14 13 14 12
16 32 p3 10 14 11 14 12 12 13 13 12
16 33 p2 14 14 10 12 14 12 13 14 12 14 13 12 13
16 34 p1 14 12 12 12 14 14 10 12 12
17 35 p4 9 13 13 13 9 13 12 12 10 14 10 14 12
17 36 p3 9 13 14 13 14 12 13 12 13
17 37 p5 9 12 12 14 14 13 9 13 11 13 14
18 38 p2 11 12 10 14 13 13 9 13 11 12 13
18 39 p3 14 14 14 14 9 12 14 13 10
19 40 p5 10 14 12 12 14 12 10 12 11
19 41 p2 13 13 10 12 12 13 12 14 9 12 11
19 42 p3 14 12 9 14 12 14 12 13 12 13 9 12 13
20 43 p2 13 12 14 13 12 13 9 14 10
20 44 p2 14 12 12 13 13 12 14 13 13
20 45 p2 9 12 12 12 11 12 9 12 13 14 14
21 46 p3 11 12 11 12 10 13 13 13 14 14 9 12 10
21 47 p1 9 14 14 12 13 14 10 12 12
21 48 p1 9 12 11 13 13 14 9 13 12
22 49 p1 13 13 10 12 10 13 10 14 12
22 50 p5 12 12 11 14 9 13 12 13 14 12 12 13 9
23 51 p5 11 13 12 12 13 14 13 12 12 14 14 13 14
23 52 p2 11 12 14 14 9 12 14 13 11 14 10 14 11
23 53 p1 10 12 10 13 14 12 11 14 11 13 11 13 9
24 54 p5 11 12 13 12 12 13 13 12 12
24 55 p1 12 14 11 13 11 13 13 13 14 12 9 14 9
25 56 p4 11 12 11 13 10 13 12 14 9 14 13
25 57 p5 12 13 13 13 12 12 11 13 10
25 58 p5 11 13 13 12 10 14 11 13 11 12 14
26 59 p4 13 13 13 12 12 12 12 14 9 12 14
26 60 p2 13 12 14 12 13 14 10 12 10 14 11
26 61 p2 11 12 9 14 11 13 9 14 9 12 13 13 12
27 62 p4 11 13 11 14 9 14 11 13 9
27 63 p3 11 12 11 13 10 14 14 14 12
28 64 p3 10 14 13 13 11 13 10 14 9
29 65 p2 9 13 13 12 9 12 13 13 12
29 66 p4 12 12 10 14 13 12 14 13 13 14 12
30 67 p1 10 12 11 14 10 13 9 12 14 14 12 14 10
30 68 p1 13 13 14 14 14 12 14 13 14
31 69 p5 10 13 10 14 11 13 10 13 14 13 14
32 70 p3 9 14 9 14 11 14 11 13 11 14 11
33 71 p4 13 13 13 13 14 12 12 12 9 12 11 14 9
33 72 p4 12 12 9 14 11 12 13 14 13
33 73 p5 14 14 12 14 11 12 9 14 14
34 74 p3 13 13 14 12 11 14 13 12 12
34 75 p3 10 12 13 12 14 12 11 14 10 14 9
35 76 p2 11 14 10 12 9 13 13 12 10
35 77 p1 12 13 12 12 14 14 12 13 11 12 14
35 78 p4 12 14 9 13 10 13 11 14 9 12 12
36 79 p4 9 13 9 14 13 14 14 13 14 14 9
37 80 p3 11 14 11 14 12 14 14 12 9 13 11
37 81 p2 13 13 11 13 11 13 14 12 12 14 13
38 82 p1 13 14 14 12 12 14 13 13 9 13 13
39 83 p1 12 14 13 13 9 13 14 13 14 12 14
40 84 p2 9 13 11 13 12 12 12 14 12 13 14
40 85 p2 11 14 10 13 13 12 9 13 14 13 14 14 9
41 86 p5 14 14 12 12 13 12 10 13 13
41 87 p5 14 14 11 13 12 12 13 13 11 14 11 13 14
42 88 p3 13 13 13 12 10 13 10 12 11 13 11 13 10
42 89 p5 11 14 14 13 12 14 12 13 14
42 90 p1 11 13 9 12 9 14 13 14 11 13 10
43 91 p5 10 14 13 12 14 14 14 12 14 14 13 13 10
43 92 p4 9 12 12 14 12 13 10 14 14 12 13
44 93 p5 12 13 13 12 14 13 12 13 12
45 94 p4 14 13 12 12 11 13 11 14 9 13 9 12 12
45 95 p5 9 14 13 13 11 14 11 14 11 14 12
46 96 p5 9 12 14 14 12 12 10 14 10 13 9 13 12
46 97 p5 11 12 9 14 13 12 13 13 10 13 9
46 98 p4 14 14 14 14 9 13 12 13 11 14 10 13 13
47 99 p2 10 14 13 12 11 13 12 14 14 14 9
